0.068
0.068
0.059
0.059
0.059
0.049
0.049
0.049
0.039
0.039
0.039
0.039
0.029
0.029
0.02
0.02
0.01
0.01
0
0
0
0.01
0.01
0.01
0.02
0.02
0.02
0.029
0.029
0.039
0.039
0.049
0.049
0.049
0.049
0.059
0.059
0.059
0.059
0.049
0.049
0.049
0.039
0.039
0.029
0.029
0.02
0.02
0.01
0.01
0
0
0
0
0.01
0.01
0.01
0.01
0.01
0.01
0.01
0.01
0.01
0.01
0.01
0.02
0.02
0.029
0.029
0.039
0.039
0.039
0.039
0.049
0.049
0.049
0.049
0.049
0.049
0.049
0.049
0.049
0.049
0.049
0.059
0.059
0.059
0.068
0.068
0.068
0.059
0.059
0.059
0.059
0.049
0.049
0.049
0.039
0.039
0.039
0.029
0.029
0.029
0.029
0.029
0.02
0.02
0.02
0.02
0.029
0.039
0.039
0.049
0.059
0.059
0.059
0.059
0.059
0.059
0.059
0.059
0.068
0.068
0.078
0.088
0.088
0.098
0.098
0.088
0.088
0.088
0.088
0.078
0.078
0.078
0.078
0.068
0.068
0.068
0.068
0.068
0.068
0.068
0.068
0.068
0.068
0.068
0.068
0.068
0.068
0.068
0.068
0.068
0.068
0.078
0.078
0.078
0.088
0.088
0.088
0.098
0.098
0.098
0.107
0.107
0.107
0.117
0.117
0.127
0.127
0.137
0.137
0.137
0.137
0.137
0.137
0.137
0.137
0.137
0.137
0.137
0.127
0.127
0.127
0.127
0.127
0.127
0.127
0.127
0.127
0.127
0.137
0.137
0.146
0.146
0.156
0.156
0.166
0.166
0.176
0.176
0.176
0.186
0.186
0.195
0.195
0.205
0.205
0.215
0.215
0.225
0.234
0.244
0.254
0.254
0.264
0.264
0.264
0.273
0.273
0.273
0.273
0.273
0.273
0.273
0.273
0.273
0.273
0.273
0.283
0.293
0.293
0.303
0.313
0.313
0.322
0.332
0.342
0.352
0.361
0.371
0.381
0.391
0.391
0.4
0.41
0.42
0.43
0.439
0.449
0.449
0.459
0.469
0.479
0.488
0.498
0.508
0.518
0.527
0.537
0.547
0.557
0.566
0.576
0.596
0.605
0.615
0.625
0.635
0.654
0.664
0.674
0.693
0.703
0.723
0.732
0.752
0.771
0.781
0.811
0.83
0.85
0.879
0.898
0.918
0.938
0.957
0.977
0.996
1.013
1.03
1.047
1.081
1.106
1.131
1.157
1.182
1.207
1.232
1.258
1.283
1.308
1.333
1.359
1.384
1.409
1.443
1.468
1.502
1.527
1.561
1.594
1.628
1.662
1.695
1.729
1.763
1.805
1.838
1.881
1.914
1.956
1.998
2.039
2.08
2.129
2.169
2.21
2.259
2.3
2.348
2.389
2.438
2.479
2.527
2.568
2.617
2.658
2.707
2.747
2.788
2.837
2.869
2.91
2.951
2.991
3.022
3.061
3.091
3.114
3.137
3.152
3.175
3.198
3.213
3.221
3.236
3.244
3.251
3.259
3.267
3.259
3.251
3.244
3.236
3.228
3.221
3.213
3.198
3.183
3.175
3.16
3.144
3.183
3.312
3.434
3.556
3.686
3.808
3.93
3.961
3.984
4.006
4.025
4.051
4.07
4.012
3.907
3.793
3.686
3.579
3.473
3.381
3.32
3.259
3.19
3.129
3.068
3.007
3.007
3.007
3.007
2.999
2.999
2.999
2.967
2.918
2.869
2.82
2.78
2.731
2.674
2.609
2.544
2.471
2.405
2.34
2.275
2.235
2.202
2.161
2.121
2.088
2.047
2.015
1.99
1.965
1.931
1.906
1.881
1.847
1.813
1.78
1.746
1.712
1.679
1.645
1.611
1.569
1.535
1.493
1.46
1.418
1.392
1.367
1.342
1.317
1.291
1.266
1.249
1.232
1.216
1.199
1.182
1.165
1.157
1.14
1.123
1.106
1.098
1.081
1.064
1.047
1.039
1.022
1.005
0.986
0.977
0.957
0.938
0.918
0.898
0.879
0.859
0.84
0.83
0.811
0.791
0.771
0.752
0.732
0.723
0.703
0.693
0.684
0.674
0.654
0.654
0.645
0.645
0.635
0.635
0.625
0.625
0.615
0.605
0.596
0.596
0.586
0.576
0.566
0.557
0.557
0.547
0.537
0.527
0.527
0.518
0.508
0.508
0.498
0.488
0.488
0.479
0.469
0.459
0.449
0.439
0.43
0.42
0.42
0.42
0.41
0.41
0.4
0.4
0.391
0.391
0.381
0.381
0.371
0.371
0.371
0.361
0.361
0.361
0.352
0.352
0.342
0.342
0.332
0.332
0.332
0.322
0.322
0.322
0.322
0.322
0.322
0.322
0.322
0.322
0.322
0.313
0.313
0.313
0.313
0.303
0.303
0.293
0.293
0.293
0.283
0.273
0.273
0.264
0.264
0.254
0.244
0.244
0.244
0.244
0.234
0.234
0.234
0.234
0.234
0.225
0.225
0.225
0.215
0.215
0.215
0.215
0.215
0.205
0.205
0.205
0.205
0.205
0.205
0.215
0.215
0.215
0.215
0.215
0.215
0.215
0.215
0.215
0.215
0.215
0.215
0.215
0.205
0.205
0.205
0.205
0.195
0.195
0.195
0.195
0.186
0.186
0.186
0.186
0.176
0.176
0.176
0.176
0.166
0.166
0.156
0.146
0.146
0.137
0.137
0.146
0.146
0.146
0.156
0.156
0.156
0.156
0.166
0.166
0.166
0.176
0.176
0.176
0.176
0.176
0.176
0.176
0.176
0.176
0.166
0.166
0.156
0.156
0.146
0.146
0.146
0.146
0.146
0.146
0.146
0.146
0.146
0.137
0.137
0.137
0.127
0.127
0.127
0.127
0.127
0.127
0.127
0.127
0.127
0.127
0.127
0.127
0.127
0.127
0.127
0.127
0.137
0.137
0.137
0.146
0.146
0.146
0.156
0.156
0.156
0.166
0.166
0.166
0.156
0.146
0.146
0.137
0.127
0.127
0.117
0.117
0.107
0.107
0.098
0.098
0.098
0.107
0.107
0.107
0.117
0.117
0.117
0.117
0.117
0.127
0.127
0.127
0.127
0.127
0.137
0.137
0.137
0.146
0.146