|fi|Pg|Pd|Pn|Pr|Pk|fkos0.9198

|540.00000|68000.00000|609275.46273|873.32585|-609272.68089|2037.76730|-360.08217|
|540.50000|68000.00000|609274.90664|-720.94049|-609273.01092|-1682.19841|-360.43217|
|541.00000|59000.00000|600285.98366|-2281.00926|-600266.72102|-5322.48302|-360.78217|
|541.50000|59000.00000|600308.67777|-3851.73332|-600253.74669|-8987.99448|-361.13219|
|542.00000|59000.00000|600342.95613|-5422.46680|-600234.07166|-12654.14330|-361.48224|
|542.50000|49000.00000|590388.76913|-6876.73464|-590210.64609|-16049.34380|-361.83232|
|543.00000|49000.00000|590446.05035|-8421.34631|-590178.85465|-19656.47402|-362.18245|
|543.50000|49000.00000|590514.71663|-9965.98151|-590140.39931|-23265.00473|-362.53263|
|544.00000|39000.00000|580594.66806|-11315.74218|-580103.60385|-26420.13249|-362.88289|
|544.50000|39000.00000|580685.78808|-12834.30560|-580053.82105|-29971.12873|-363.23321|
|545.00000|39000.00000|580787.94343|-14352.90322|-579997.21148|-33524.25590|-363.58363|
|545.50000|39000.00000|580900.98428|-15871.53210|-579933.57483|-37079.75004|-363.93414|
|546.00000|29000.00000|571024.74426|-17090.88501|-569882.68890|-39938.42510|-364.28477|
|546.50000|29000.00000|571159.04050|-18583.49551|-569807.96430|-43438.22823|-364.63551|
|547.00000|20000.00000|562303.67371|-19759.86358|-560750.64669|-46201.57914|-364.98638|
|547.50000|20000.00000|562458.42827|-21229.09110|-560664.58193|-49652.63748|-365.33739|
|548.00000|10000.00000|552623.07227|-22294.89810|-550607.23023|-52163.21034|-365.68855|
|548.50000|10000.00000|552797.35764|-23738.16122|-550510.20461|-55560.17941|-366.03987|
|549.00000|0.00000|542981.02021|-24726.05071|-540451.63351|-57894.71249|-366.39137|
|549.50000|0.00000|543173.77981|-26143.36318|-540343.50473|-61238.28383|-366.74304|
|550.00000|0.00000|543375.34039|-27560.65335|-540226.80480|-64585.98554|-367.09490|
|550.50000|10000.00000|553585.39009|-29510.97852|-550037.02820|-69187.78494|-367.44697|
|551.00000|10000.00000|553803.60141|-30953.97314|-549895.47208|-72605.42115|-367.79925|
|551.50000|10000.00000|554029.63128|-32396.80764|-549743.74415|-76027.63481|-368.15175|
|552.00000|20000.00000|564263.12121|-34449.96552|-559496.90898|-80888.06419|-368.50448|
|552.50000|20000.00000|564503.69741|-35918.08164|-559315.98511|-84381.05109|-368.85746|
|553.00000|20000.00000|564750.97094|-37385.84589|-559123.10743|-87878.95876|-369.21069|
|553.50000|29000.00000|574004.53784|-39472.08941|-567820.79397|-92837.49909|-369.56419|
|554.00000|29000.00000|574263.97928|-40962.02213|-567594.85212|-96400.66909|-369.91796|
|554.50000|39000.00000|584528.86173|-43190.24584|-577230.16807|-101708.99962|-370.27201|
|555.00000|39000.00000|584798.73708|-44704.44896|-576966.83089|-105343.84989|-370.62636|
|555.50000|49000.00000|595073.14286|-47007.78583|-586544.79255|-110846.66713|-370.98101|
|556.00000|49000.00000|595351.60235|-48545.72204|-586240.34589|-114553.36923|-371.33598|
|556.50000|49000.00000|595633.62480|-50082.59312|-585918.93267|-118265.31807|-371.69127|
|557.00000|49000.00000|595918.70558|-51618.28619|-585579.90357|-121982.48920|-372.04690|
|557.50000|59000.00000|606206.32641|-54044.19628|-595038.36671|-127813.25238|-372.40288|
|558.00000|59000.00000|606495.95549|-55602.43341|-594651.02221|-131602.18999|-372.75921|
|558.50000|59000.00000|606787.04773|-57159.05862|-594243.68004|-135396.18904|-373.11591|
|559.00000|59000.00000|607079.04496|-58713.92879|-593815.62949|-139195.15238|-373.47299|
|559.50000|49000.00000|597371.37612|-59274.63561|-583596.73374|-140644.57258|-373.83046|
|560.00000|49000.00000|597663.45744|-60800.49086|-583137.53763|-144391.55191|-374.18832|
|560.50000|49000.00000|597954.69274|-62324.17561|-582655.77244|-148143.06692|-374.54659|
|561.00000|39000.00000|588244.47356|-62778.30319|-572419.69523|-149359.86254|-374.90528|
|561.50000|39000.00000|588532.17943|-64272.25979|-571904.01949|-153058.29640|-375.26440|
|562.00000|29000.00000|578817.17811|-64646.69379|-561660.23324|-154098.35524|-375.62395|
|562.50000|29000.00000|579098.82577|-66110.42949|-561108.95724|-157742.75577|-375.98396|
|563.00000|20000.00000|570376.46730|-66521.54170|-551824.65994|-158883.52539|-376.34442|
|563.50000|20000.00000|570649.43649|-67956.97797|-551234.54679|-162478.93602|-376.70535|
|564.00000|10000.00000|560917.05632|-68173.67757|-540972.95485|-163168.18474|-377.06676|
|564.50000|10000.00000|561178.63919|-69577.75600|-540343.64817|-166707.14171|-377.42866|
|565.00000|0.00000|551433.48718|-69713.88120|-530073.38197|-167215.80590|-377.79107|
|565.50000|0.00000|551680.89230|-71085.96978|-529403.07371|-170696.82943|-378.15398|
|566.00000|0.00000|551920.13678|-72453.92511|-528703.16059|-174179.15096|-378.51741|
|566.50000|0.00000|552150.49331|-73817.49254|-527972.80268|-177662.34574|-378.88137|
|567.00000|10000.00000|562371.22531|-76537.38519|-536755.66353|-184425.38887|-379.24587|
|567.50000|10000.00000|562581.58724|-77915.36410|-535943.88053|-187970.75088|-379.61092|
|568.00000|10000.00000|562780.82484|-79288.05657|-535098.71720|-191515.57529|-379.97653|
|568.50000|10000.00000|562968.17543|-80655.17254|-534219.31691|-195059.33674|-380.34271|
|569.00000|10000.00000|563142.86819|-82016.41359|-533304.82140|-198601.48429|-380.70947|
|569.50000|10000.00000|563304.12446|-83371.47292|-532354.37151|-202141.44122|-381.07682|
|570.00000|10000.00000|563451.15800|-84720.03543|-531367.10792|-205678.60479|-381.44477|
|570.50000|10000.00000|563583.17533|-86061.77776|-530342.17195|-209212.34609|-381.81334|
|571.00000|10000.00000|563699.37600|-87396.36835|-529278.70630|-212742.00988|-382.18252|
|571.50000|10000.00000|563798.95291|-88723.46752|-528175.85588|-216266.91438|-382.55233|
|572.00000|10000.00000|563881.09257|-90042.72752|-527032.76859|-219786.35119|-382.92278|
|572.50000|20000.00000|573944.97548|-92973.69880|-535173.06252|-227259.18398|-383.29388|
|573.00000|20000.00000|573989.77637|-94299.17135|-533924.48078|-230827.30758|-383.66565|
|573.50000|29000.00000|583014.66456|-97114.77219|-540983.87546|-238062.64840|-384.03808|
|574.00000|29000.00000|583018.80424|-98442.28017|-539627.06600|-241670.10212|-384.41119|
|574.50000|39000.00000|593001.35482|-101471.03357|-547456.97687|-249475.12090|-384.78499|
|575.00000|39000.00000|592961.47122|-102800.89086|-545984.63867|-253124.68044|-385.15949|
|575.50000|39000.00000|592898.30422|-104119.93810|-544464.97383|-256763.02875|-385.53469|
|576.00000|39000.00000|592811.00076|-105427.76188|-542897.17411|-260389.23545|-385.91062|
|576.50000|49000.00000|602698.70428|-108524.58592|-550412.91404|-268456.58483|-386.28727|
|577.00000|49000.00000|602560.55503|-109830.78525|-548720.46942|-272117.38332|-386.66467|
|577.50000|49000.00000|602395.69044|-111124.36234|-546977.07743|-275763.06593|-387.04281|
|578.00000|49000.00000|602203.24541|-112404.87525|-545181.97405|-279392.59104|-387.42170|
|578.50000|49000.00000|601982.35264|-113671.87584|-543334.40947|-283004.88995|-387.80136|
|579.00000|49000.00000|601732.14301|-114924.90997|-541433.64899|-286598.86706|-388.18180|
|579.50000|49000.00000|601451.74587|-116163.51773|-539478.97403|-290173.39996|-388.56303|
|580.00000|49000.00000|601140.28940|-117387.23364|-537469.68296|-293727.33967|-388.94505|
|580.50000|49000.00000|600796.90095|-118595.58692|-535405.09212|-297259.51079|-389.32787|
|581.00000|49000.00000|600420.70735|-119788.10170|-533284.53675|-300768.71178|-389.71151|
|581.50000|49000.00000|600010.83529|-120964.29730|-531107.37191|-304253.71515|-390.09597|
|582.00000|59000.00000|609566.41164|-124160.55520|-537693.89745|-312845.53107|-390.48127|
|582.50000|59000.00000|609086.56379|-125323.34783|-535370.46612|-316339.76624|-390.86740|
|583.00000|59000.00000|608570.41999|-126468.21497|-532988.12428|-319805.91750|-391.25439|
|583.50000|68000.00000|617017.10972|-129483.34100|-538399.57285|-328027.36052|-391.64224|
|584.00000|68000.00000|616425.76400|-130609.10454|-535868.33246|-331488.44773|-392.03095|
|584.50000|68000.00000|615795.51573|-131715.30584|-533276.12218|-334917.32786|-392.42055|
|585.00000|59000.00000|606125.50007|-130858.39553|-522858.83344|-333362.68810|-392.81103|
|585.50000|59000.00000|605414.85476|-131906.08354|-520174.05081|-336667.96417|-393.20241|
|586.00000|59000.00000|604662.72046|-132932.80564|-517427.38819|-339936.80924|-393.59470|
|586.50000|59000.00000|603868.24109|-133938.04671|-514618.44800|-343167.75188|-393.98790|
|587.00000|49000.00000|593030.56421|-132683.90285|-503260.61222|-340615.65489|-394.38202|
|587.50000|49000.00000|592148.84132|-133625.39959|-500362.35514|-343705.55895|-394.77708|
|588.00000|49000.00000|591222.22820|-134544.01901|-497401.34463|-346753.10889|-395.17308|
|588.50000|39000.00000|580249.88529|-133144.63534|-486001.58463|-343831.18393|-395.57002|
|589.00000|39000.00000|579230.97801|-133997.19324|-482952.21213|-346728.90632|-395.96793|
|589.50000|39000.00000|578164.67709|-134825.48472|-479839.92980|-349579.67179|-396.36680|
|590.00000|29000.00000|567050.15892|-133278.61042|-468404.21258|-346275.27253|-396.76665|
|590.50000|29000.00000|565886.60589|-134038.56437|-465205.21766|-348967.18031|-397.16748|
|591.00000|29000.00000|564673.20673|-134772.87995|-461943.49993|-351607.39815|-397.56931|
|591.50000|29000.00000|563409.15682|-135481.04875|-458619.01709|-354194.28245|-397.97214|
|592.00000|29000.00000|562093.65855|-136162.56459|-455231.76619|-356726.17514|-398.37597|
|592.50000|20000.00000|551725.92167|-134620.92711|-444530.40567|-353435.99857|-398.78083|
|593.00000|20000.00000|550305.16355|-135231.96642|-441055.87449|-355799.34423|-399.18671|
|593.50000|20000.00000|548830.60959|-135815.01105|-437519.32189|-358102.77607|-399.59362|
|594.00000|20000.00000|547301.49352|-136369.56929|-433920.91344|-360344.59219|-400.00158|
|594.50000|29000.00000|554717.05769|-139152.83712|-437356.74718|-368501.83428|-400.41059|
|595.00000|39000.00000|563076.55344|-142189.19864|-441434.82888|-377370.19635|-400.82065|
|595.50000|39000.00000|561379.24140|-142686.73741|-437566.39158|-379528.40561|-401.23178|
|596.00000|49000.00000|569624.39182|-145711.54337|-441384.79356|-388436.95195|-401.64399|
|596.50000|59000.00000|577811.28486|-148737.36360|-445048.97035|-397391.61823|-402.05727|
|597.00000|59000.00000|575939.21097|-149173.08022|-440902.22770|-399454.38814|-402.47165|
|597.50000|59000.00000|574007.47110|-149576.26140|-436693.73856|-401442.66533|-402.88712|
|598.00000|59000.00000|572015.37710|-149946.45401|-432424.02550|-403354.67380|-403.30370|
|598.50000|59000.00000|569962.25198|-150283.21257|-428093.66023|-405188.63598|-403.72139|
|599.00000|59000.00000|567847.43024|-150586.09966|-423703.26425|-406942.77399|-404.14020|
|599.50000|59000.00000|565670.25814|-150854.68639|-419253.50938|-408615.31080|-404.56013|
|600.00000|59000.00000|563430.09403|-151088.55275|-414745.11831|-410204.47154|-404.98120|
|600.50000|68000.00000|570126.30861|-153713.81058|-416757.79345|-418311.94691|-405.40341|
|601.00000|68000.00000|567758.28526|-153889.92645|-412087.91759|-419779.85674|-405.82676|
|601.50000|78000.00000|575325.42029|-156754.55867|-414567.11938|-428608.71949|-406.25128|
|602.00000|88000.00000|582827.12325|-159610.56826|-416884.57300|-437458.84593|-406.67695|
|602.50000|88000.00000|580262.81720|-159704.67494|-411940.21781|-438766.19876|-407.10379|
|603.00000|98000.00000|587631.93901|-162526.93538|-413985.85644|-447595.81224|-407.53181|
|603.50000|98000.00000|584933.93958|-162558.70995|-408877.77113|-448767.21819|-407.96100|
|604.00000|88000.00000|572168.28417|-159759.75930|-396781.60036|-442113.20690|-408.39139|
|604.50000|88000.00000|569334.45263|-159701.24882|-391624.01241|-443031.42183|-408.82297|
|605.00000|88000.00000|566431.93967|-159603.77102|-386416.10407|-443848.06018|-409.25575|
|605.50000|88000.00000|563460.25513|-159467.02715|-381159.17999|-444561.43711|-409.68974|
|606.00000|78000.00000|550418.92421|-156448.38128|-369147.92772|-437226.36654|-410.12494|
|606.50000|78000.00000|547307.48774|-156220.27405|-363855.67517|-437674.88825|-410.56136|
|607.00000|78000.00000|544125.50241|-155952.31310|-358519.27809|-438015.54033|-410.99901|
|607.50000|78000.00000|540872.54103|-155644.25907|-353140.26243|-438246.72968|-411.43788|
|608.00000|68000.00000|527548.19274|-152406.92119|-341251.57591|-430211.95617|-411.87800|
|608.50000|68000.00000|524152.06327|-152006.93746|-335853.20120|-430167.55074|-412.31935|
|609.00000|68000.00000|520683.77515|-151566.46582|-330417.74468|-430009.41997|-412.76195|
|609.50000|68000.00000|517142.96791|-151085.33195|-324946.95183|-429736.08796|-413.20581|
|610.00000|68000.00000|513529.29837|-150563.37830|-319442.62232|-429346.11005|-413.65093|
|610.50000|68000.00000|509842.44076|-150000.46432|-313906.60977|-428838.07439|-414.09730|
|611.00000|68000.00000|506082.08701|-149396.46688|-308340.82133|-428210.60357|-414.54495|
|611.50000|68000.00000|502247.94687|-148751.28049|-302747.21738|-427462.35618|-414.99387|
|612.00000|68000.00000|498339.74820|-148064.81762|-297127.81106|-426592.02846|-415.44407|
|612.50000|68000.00000|494357.23709|-147337.00900|-291484.66780|-425598.35587|-415.89555|
|613.00000|68000.00000|490300.17806|-146567.80387|-285819.90476|-424480.11471|-416.34832|
|613.50000|68000.00000|486168.35429|-145757.17024|-280135.69030|-423236.12371|-416.80238|
|614.00000|68000.00000|481961.56772|-144905.09514|-274434.24331|-421865.24562|-417.25774|
|614.50000|68000.00000|477679.63930|-144011.58487|-268717.83252|-420366.38883|-417.71440|
|615.00000|68000.00000|473322.40907|-143076.66520|-262988.77579|-418738.50893|-418.17237|
|615.50000|68000.00000|468889.73641|-142100.38161|-257249.43931|-416980.61027|-418.63164|
|616.00000|68000.00000|464381.50014|-141082.79945|-251502.23671|-415091.74757|-419.09223|
|616.50000|68000.00000|459797.59865|-140024.00417|-245749.62825|-413071.02741|-419.55413|
|617.00000|78000.00000|465137.95012|-141976.45299|-245267.11715|-419946.02878|-420.01736|
|617.50000|78000.00000|460402.49256|-140842.33057|-239438.90501|-417703.27746|-420.48191|
|618.00000|78000.00000|455591.18404|-139667.12270|-233612.32297|-415325.79344|-420.94779|
|618.50000|88000.00000|460704.00273|-141522.87881|-232844.10320|-421972.18742|-421.41499|
|619.00000|88000.00000|455740.94707|-140272.02672|-226954.54852|-419365.81313|-421.88354|
|619.50000|88000.00000|450702.03587|-138980.39773|-221074.05645|-416622.29616|-422.35342|
|620.00000|98000.00000|455587.30842|-140737.36170|-220035.09131|-423026.42845|-422.82463|
|620.50000|98000.00000|450396.82459|-139370.12928|-214105.04537|-420048.04735|-423.29720|
|621.00000|98000.00000|445130.66492|-137962.61306|-208191.86290|-416930.61734|-423.77111|
|621.50000|107000.00000|448788.93072|-139308.79895|-206438.32708|-422139.38801|-424.24636|
|622.00000|107000.00000|443371.74414|-137825.63758|-200497.52010|-418778.16837|-424.72297|
|622.50000|107000.00000|437879.24826|-136302.89839|-194581.77226|-415276.59466|-425.20093|
|623.00000|117000.00000|442311.60716|-137857.69108|-193058.82839|-421156.25319|-425.68024|
|623.50000|117000.00000|436669.00599|-136260.58134|-187122.61160|-417410.94265|-426.16091|
|624.00000|127000.00000|440951.65099|-137748.65728|-185424.99885|-423120.10221|-426.64295|
|624.50000|127000.00000|435159.76960|-136077.72769|-179478.14318|-419128.58311|-427.12634|
|625.00000|137000.00000|439293.61047|-137498.68104|-177613.52522|-424662.45319|-427.61109|
|625.50000|137000.00000|433353.44350|-135754.64650|-171666.11429|-420422.73517|-428.09721|
|626.00000|137000.00000|427339.55988|-133973.17989|-165763.46905|-416041.32571|-428.58469|
|626.50000|137000.00000|421252.27213|-132154.78294|-159908.74779|-411518.59717|-429.07354|
|627.00000|137000.00000|415091.91410|-130299.97826|-154105.12593|-406855.00076|-429.56376|
|627.50000|137000.00000|408858.84098|-128409.30916|-148355.79411|-402051.06751|-430.05534|
|628.00000|137000.00000|402553.42934|-126483.33954|-142663.95607|-397107.40902|-430.54830|
|628.50000|137000.00000|396176.07710|-124522.65368|-137032.82671|-392024.71829|-431.04262|
|629.00000|137000.00000|389727.20352|-122527.85606|-131465.62991|-386803.77045|-431.53832|
|629.50000|137000.00000|383207.24923|-120499.57114|-125965.59645|-381445.42339|-432.03538|
|630.00000|137000.00000|376616.67617|-118438.44315|-120535.96184|-375950.61842|-432.53382|
|630.50000|127000.00000|359955.96757|-113200.29846|-112066.62158|-360310.53064|-433.03363|
|631.00000|127000.00000|353225.62795|-111075.72119|-106875.15081|-354519.19866|-433.53481|
|631.50000|127000.00000|346426.18304|-108920.61253|-101764.28453|-348595.51133|-434.03736|
|632.00000|127000.00000|339558.17976|-106735.69314|-96737.24792|-342540.75743|-434.54129|
|632.50000|127000.00000|332622.18619|-104521.70209|-91797.25938|-336356.31126|-435.04658|
|633.00000|127000.00000|325618.79145|-102279.39648|-86947.52825|-330043.63291|-435.55325|
|633.50000|127000.00000|318548.60572|-100009.55118|-82191.25244|-323604.26844|-436.06128|
|634.00000|127000.00000|311412.26007|-97712.95842|-77531.61606|-317039.84998|-436.57068|
|634.50000|127000.00000|304210.40649|-95390.42751|-72971.78698|-310352.09582|-437.08145|
|635.00000|127000.00000|296943.71773|-93042.78440|-68514.91446|-303542.81036|-437.59359|
|635.50000|137000.00000|299612.88723|-93801.63227|-66379.64022|-306855.62041|-438.10709|
|636.00000|137000.00000|292218.62907|-91403.45997|-62045.79463|-299827.68224|-438.62196|
|636.50000|146000.00000|293761.67778|-91794.81404|-59651.34465|-301933.64883|-439.13819|
|637.00000|146000.00000|286242.78831|-89348.90234|-55460.50042|-294690.16458|-439.65578|
|637.50000|156000.00000|288662.73588|-89999.56142|-53231.30337|-297644.96381|-440.17473|
|638.00000|156000.00000|281022.31587|-87508.20285|-49184.76836|-290193.18762|-440.69504|
|638.50000|166000.00000|283322.34368|-88106.97569|-46917.37734|-292972.94977|-441.21670|
|639.00000|166000.00000|275563.65462|-85572.86601|-43025.51827|-285318.85308|-441.73972|
|639.50000|176000.00000|277747.10373|-86121.47249|-40728.70304|-287926.26557|-442.26409|
|640.00000|176000.00000|269873.56570|-83547.41956|-37001.68618|-280076.39672|-442.78980|
|640.50000|176000.00000|261943.93464|-80957.06757|-33408.66176|-272125.95062|-443.31687|
|641.00000|186000.00000|263959.12398|-81436.61046|-31131.83101|-274476.13694|-443.84527|
|641.50000|186000.00000|255920.06628|-78810.97732|-27718.77353|-266341.73549|-444.37502|
|642.00000|195000.00000|256827.71307|-78938.03355|-25335.42044|-267487.95079|-444.90611|
|642.50000|195000.00000|248683.03469|-76280.79466|-22121.51636|-259176.86990|-445.43853|
|643.00000|205000.00000|250487.02005|-76672.81227|-19846.76955|-261205.99743|-445.97228|
|643.50000|205000.00000|242240.67651|-73986.54260|-16831.55525|-252727.62530|-446.50736|
|644.00000|215000.00000|243945.02965|-74337.74789|-14564.95754|-254603.88895|-447.04377|
|644.50000|215000.00000|235601.12309|-71625.66992|-11757.24586|-245967.25994|-447.58150|
|645.00000|225000.00000|237210.01826|-71938.32339|-9506.36482|-247696.07216|-448.12055|
|645.50000|234000.00000|237772.79420|-71926.22925|-7186.60234|-248309.55854|-448.66091|
|646.00000|244000.00000|239290.54737|-72195.52697|-4869.82742|-249896.86864|-449.20258|
|646.50000|254000.00000|240764.39139|-72443.30422|-2517.48229|-251414.37264|-449.74555|
|647.00000|254000.00000|232195.45682|-69669.46039|-125.64509|-242422.25164|-450.28983|
|647.50000|264000.00000|233584.89095|-69883.96655|2194.06154|-243804.95515|-450.83541|
|648.00000|264000.00000|224933.85756|-67095.42090|4351.33451|-234687.24224|-451.38228|
|648.50000|264000.00000|216243.53663|-64305.40153|6338.86871|-225513.34893|-451.93044|
|649.00000|273000.00000|216515.12415|-64182.95001|8508.53161|-225667.57620|-452.47989|
|649.50000|273000.00000|207749.83185|-61384.66747|10241.22407|-216386.66170|-453.03061|
|650.00000|273000.00000|198948.88690|-58588.04707|11799.11722|-207060.37692|-453.58261|
|650.50000|273000.00000|190113.53172|-55794.20852|13180.64846|-197692.73925|-454.13588|
|651.00000|273000.00000|181245.02364|-53004.27171|14384.34540|-188287.81697|-454.69042|
|651.50000|273000.00000|172344.63466|-50219.35601|15408.82762|-178849.72700|-455.24621|
|652.00000|273000.00000|163413.65120|-47440.57971|16252.80838|-169382.63258|-455.80326|
|652.50000|273000.00000|154453.37374|-44669.05938|16915.09625|-159890.74096|-456.36156|
|653.00000|273000.00000|145465.11660|-41905.90927|17394.59673|-150378.30091|-456.92110|
|653.50000|273000.00000|136450.20764|-39152.24069|17690.31376|-140849.60033|-457.48188|
|654.00000|273000.00000|127409.98791|-36409.16137|17801.35119|-131308.96370|-458.04389|
|654.50000|283000.00000|128345.81142|-36523.48398|19224.80529|-132049.30539|-458.60713|
|655.00000|293000.00000|129259.04479|-36626.29541|20663.53964|-132749.40416|-459.17159|
|655.50000|293000.00000|120151.06694|-33896.84079|20417.60775|-123160.04221|-459.73727|
|656.00000|303000.00000|121023.26880|-33990.51298|21784.40933|-123803.98246|-460.30415|
|656.50000|313000.00000|121877.05297|-34074.18304|23164.82989|-124412.44570|-460.87224|
|657.00000|313000.00000|112713.83340|-31365.52180|22557.14759|-114801.47774|-461.44152|
|657.50000|322000.00000|112535.03510|-31166.75940|23652.80038|-114350.54023|-462.01199|
|658.00000|332000.00000|113342.09374|-31237.78438|24961.11040|-114887.65101|-462.58365|
|658.50000|342000.00000|114136.45538|-31300.74179|26281.68446|-115395.58027|-463.15648|
|659.00000|352000.00000|114919.57611|-31356.04963|27614.31330|-115875.62523|-463.73048|
|659.50000|361000.00000|114692.92170|-31132.67882|28708.53668|-115323.58779|-464.30565|
|660.00000|371000.00000|115457.96726|-31175.35685|30054.87279|-115754.69624|-464.88197|
|660.50000|381000.00000|116216.19691|-31211.63813|31412.99287|-116161.93292|-465.45944|
|661.00000|391000.00000|116969.10341|-31241.92450|32782.91847|-116546.59693|-466.03806|
|661.50000|391000.00000|107718.18781|-28610.55636|31262.48193|-106978.63872|-466.61781|
|662.00000|400000.00000|107464.95909|-28381.04000|32256.79177|-106365.87915|-467.19869|
|662.50000|410000.00000|108210.93382|-28412.52440|33553.76455|-106728.73383|-467.78069|
|663.00000|420000.00000|108957.63577|-28439.78027|34863.44514|-107075.33650|-468.36380|
|663.50000|430000.00000|109706.59556|-28463.17689|36186.16143|-107406.94237|-468.94803|
|664.00000|439000.00000|109459.35030|-28225.21581|37182.60620|-106749.54787|-469.53335|
|664.50000|449000.00000|110217.44319|-28243.57838|38522.78715|-107058.76598|-470.11976|
|665.00000|449000.00000|100982.42318|-25712.88812|36284.23846|-97683.45022|-470.70725|
|665.50000|459000.00000|101755.84458|-25742.47479|37556.08918|-98012.58634|-471.29582|
|666.00000|469000.00000|102539.26668|-25770.13136|38843.80839|-98333.91801|-471.88546|
|666.50000|479000.00000|103334.25337|-25796.17369|40148.08428|-98648.57741|-472.47616|
|667.00000|488000.00000|103142.37277|-25572.96907|41071.45957|-98007.45388|-473.06791|
|667.50000|498000.00000|103965.19683|-25598.40758|42401.49580|-98316.59969|-473.66071|
|668.00000|508000.00000|104804.30095|-25623.13543|43750.52274|-98622.40277|-474.25454|
|668.50000|518000.00000|105661.26362|-25647.42582|45119.45073|-98925.87249|-474.84940|
|669.00000|527000.00000|105537.66600|-25430.57827|46072.69142|-98296.59384|-475.44528|
|669.50000|537000.00000|106435.09151|-25456.55435|47474.87221|-98603.25234|-476.04218|
|670.00000|547000.00000|107355.12550|-25482.85874|48900.04267|-98910.48927|-476.64007|
|670.50000|557000.00000|108299.35482|-25509.71603|50349.32286|-99219.15921|-477.23896|
|671.00000|566000.00000|108269.36743|-25303.62792|51349.60610|-98619.20433|-477.83884|
|671.50000|576000.00000|109266.75200|-25334.06735|52841.34043|-98938.52031|-478.43970|
|672.00000|596000.00000|120293.09752|-27665.51279|59289.64981|-108261.47668|-479.04153|
|672.50000|605000.00000|120349.99293|-27451.48239|60428.50828|-107638.74799|-479.64431|
|673.00000|615000.00000|121439.02667|-27468.78394|62090.28657|-107920.19089|-480.24805|
|673.50000|625000.00000|122561.78633|-27487.57691|63783.49771|-108206.39432|-480.85273|
|674.00000|635000.00000|123719.85824|-27507.99018|65509.57346|-108497.87386|-481.45835|
|674.50000|654000.00000|133914.82704|-29513.65912|72116.72779|-116633.67674|-482.06490|
|675.00000|664000.00000|135148.27535|-29519.95588|73993.75262|-116882.02897|-482.67236|
|675.50000|674000.00000|136421.78328|-29528.03377|75907.67880|-117135.95533|-483.28073|
|676.00000|693000.00000|146736.92814|-31468.02999|82947.60958|-125066.61048|-483.88999|
|676.50000|703000.00000|148095.28394|-31461.77852|85019.33165|-125274.77750|-484.50015|
|677.00000|723000.00000|159498.42105|-33561.52951|92960.55073|-133882.25643|-485.11119|
|677.50000|732000.00000|159947.90580|-33330.16152|94611.64897|-133202.35777|-485.72310|
|678.00000|752000.00000|171445.30006|-35374.21964|102890.94985|-141627.25290|-486.33588|
|678.50000|771000.00000|181992.16086|-37174.40227|110778.44943|-149101.36801|-486.94951|
|679.00000|781000.00000|183590.04001|-37119.03653|113310.90289|-149143.43750|-487.56398|
|679.50000|811000.00000|205240.48365|-41066.87818|128403.81017|-165295.51157|-488.17929|
|680.00000|830000.00000|215945.03192|-42753.95522|136907.07563|-172385.06357|-488.79542|
|680.50000|850000.00000|227705.21854|-44599.73589|146252.05910|-180136.44329|-489.41237|
|681.00000|879000.00000|248522.57041|-48147.25858|161667.45471|-194795.43270|-490.03013|
|681.50000|898000.00000|259398.60724|-49697.93338|170858.40952|-201407.36312|-490.64868|
|682.00000|918000.00000|271334.84114|-51399.39653|180914.37583|-208649.18547|-491.26803|
|682.50000|938000.00000|283332.77624|-53057.40922|191184.41837|-215733.79183|-491.88815|
|683.00000|957000.00000|294393.90833|-54486.37630|200985.36892|-221904.07825|-492.50904|
|683.50000|977000.00000|306519.72443|-56058.12557|211674.28223|-228671.93345|-493.13069|
|684.00000|996000.00000|317711.70245|-57404.17852|221877.48782|-234534.31728|-493.75309|
|684.50000|1013000.00000|326971.31077|-58352.17739|230865.19898|-238781.22744|-494.37623|
|685.00000|1030000.00000|336300.00792|-59267.43930|240018.63750|-242901.99329|-495.00011|
|685.50000|1047000.00000|345699.24215|-60149.49667|249337.84538|-246893.83717|-495.62470|
|686.00000|1081000.00000|372170.45106|-63917.49187|271211.21358|-262756.09990|-496.25001|
|686.50000|1106000.00000|389715.06127|-66049.07340|286876.52392|-271923.09409|-496.87601|
|687.00000|1131000.00000|407334.48802|-68109.42255|302823.01592|-280817.55571|-497.50271|
|687.50000|1157000.00000|426030.13480|-70262.69417|319799.19341|-290115.49052|-498.13009|
|688.00000|1182000.00000|443803.39302|-72175.96948|336308.67329|-298441.44902|-498.75814|
|688.50000|1207000.00000|461655.64161|-74015.67243|353092.57847|-306479.82351|-499.38686|
|689.00000|1232000.00000|479588.24668|-75781.01219|370148.52541|-314225.58345|-500.01623|
|689.50000|1258000.00000|498602.56118|-77626.87966|388252.73026|-322320.12643|-500.64624|
|690.00000|1283000.00000|516699.92453|-79238.75853|405852.06805|-329456.66136|-501.27688|
|690.50000|1308000.00000|534881.66226|-80773.84946|423715.70831|-336285.30434|-501.90815|
|691.00000|1333000.00000|553149.08572|-82231.33343|441840.92916|-342800.95762|-502.54003|
|691.50000|1359000.00000|572503.49166|-83756.68353|461030.20875|-349609.17698|-503.17251|
|692.00000|1384000.00000|590946.16198|-85054.09868|479676.49286|-355474.37075|-503.80559|
|692.50000|1409000.00000|609478.36331|-86271.39988|498575.56387|-361011.13126|-504.43924|
|693.00000|1443000.00000|637101.34674|-88660.19773|525142.75728|-371461.76273|-505.07348|
|693.50000|1468000.00000|655816.34749|-89693.16100|544593.28483|-376242.07485|-505.70827|
|694.00000|1502000.00000|683624.58454|-91852.62936|571814.19740|-385756.40209|-506.34362|
|694.50000|1527000.00000|702527.26036|-92697.52428|591799.58957|-389757.14022|-506.97951|
|695.00000|1561000.00000|730525.56060|-94623.62187|619653.69528|-398309.58113|-507.61593|
|695.50000|1594000.00000|757620.65372|-96293.48579|646988.27990|-405792.62687|-508.25288|
|696.00000|1628000.00000|785813.69077|-97962.66635|675499.25896|-413280.28231|-508.89034|
|696.50000|1662000.00000|814105.80501|-99500.55034|704331.88341|-420220.44130|-509.52830|
|697.00000|1695000.00000|841498.11166|-100786.28315|732608.90165|-426099.92257|-510.16675|
|697.50000|1729000.00000|869991.70760|-102060.77882|762059.39425|-431934.54770|-510.80569|
|698.00000|1763000.00000|898587.67107|-103200.73363|791811.28616|-437201.41942|-511.44509|
|698.50000|1805000.00000|935287.06140|-105104.07583|828947.95532|-445706.22764|-512.08496|
|699.00000|1838000.00000|963090.91873|-105841.98173|858430.24103|-449270.70251|-512.72528|
|699.50000|1881000.00000|1001000.26373|-107521.15958|897144.17375|-456831.10583|-513.36604|
|700.00000|1914000.00000|1029016.09733|-107967.36978|927205.79291|-459151.93466|-514.00724|
|700.50000|1956000.00000|1066139.40048|-109200.37414|965673.00422|-464815.65368|-514.64885|
|701.00000|1998000.00000|1103371.13387|-110252.23376|1004469.26699|-469707.25540|-515.29088|
|701.50000|2039000.00000|1139712.23767|-111024.32644|1042669.26093|-473403.84248|-515.93330|
|702.00000|2080000.00000|1176163.63131|-111617.89525|1081168.45688|-476334.13695|-516.57612|
|702.50000|2129000.00000|1220726.21323|-112770.80548|1127344.43244|-481647.45706|-517.21931|
|703.00000|2169000.00000|1256400.86062|-112893.75121|1165516.15367|-482555.92127|-517.86288|
|703.50000|2210000.00000|1293188.42922|-112927.01383|1204878.00812|-483071.22609|-518.50680|
|704.00000|2259000.00000|1338089.75308|-113455.37530|1251980.77291|-485695.84490|-519.15108|
|704.50000|2300000.00000|1375105.64434|-113100.74639|1291873.62737|-484530.53859|-519.79569|
|705.00000|2348000.00000|1419236.89302|-113118.51751|1338601.34430|-484949.06800|-520.44063|
|705.50000|2389000.00000|1456484.26680|-112373.86642|1378973.18740|-482086.35506|-521.08589|
|706.00000|2438000.00000|1501848.51084|-112038.22419|1427156.09479|-480964.64972|-521.73146|
|706.50000|2479000.00000|1539330.34756|-110896.41933|1467961.12110|-476367.59093|-522.37733|
|707.00000|2527000.00000|1583930.47648|-110050.95219|1515648.97117|-473027.65520|-523.02348|
|707.50000|2568000.00000|1621649.57398|-108510.06333|1556833.21545|-466682.02654|-523.66991|
|708.00000|2617000.00000|1667488.29319|-107291.72487|1605881.66726|-461706.39256|-524.31661|
|708.50000|2658000.00000|1705447.26377|-105344.79702|1647396.50511|-453577.61266|-524.96356|
|709.00000|2707000.00000|1751527.09176|-103677.08185|1696795.63857|-446632.56869|-525.61076|
|709.50000|2747000.00000|1788728.35942|-101263.21270|1737616.50761|-436454.18373|-526.25820|
|710.00000|2788000.00000|1827051.62506|-98712.13535|1779514.47605|-425664.13499|-526.90586|
|710.50000|2837000.00000|1873497.42293|-96375.18222|1829319.39261|-415777.98079|-527.55373|
|711.00000|2869000.00000|1903066.26303|-92967.91752|1862605.56580|-401253.96126|-528.20181|
|711.50000|2910000.00000|1941758.63103|-89824.24993|1904749.32846|-387846.58408|-528.85009|
|712.00000|2951000.00000|1980574.98808|-86480.24285|1946949.76777|-373554.16955|-529.49855|
|712.50000|2991000.00000|2018515.77074|-82893.87942|1988208.63741|-358195.09506|-530.14718|
|713.00000|3022000.00000|2047581.39084|-78764.28800|2020612.39413|-340468.67388|-530.79597|
|713.50000|3061000.00000|2084772.23538|-74770.51348|2060906.75044|-323309.86546|-531.44492|
|714.00000|3091000.00000|2113088.66640|-70283.77865|2092287.52317|-304000.72700|-532.09401|
|714.50000|3114000.00000|2134531.02094|-65434.87272|2116684.93441|-283106.50004|-532.74324|
|715.00000|3137000.00000|2156099.61090|-60474.07268|2141011.51611|-261710.40000|-533.39258|
|715.50000|3152000.00000|2169794.72297|-55197.09610|2157305.88427|-238929.23835|-534.04204|
|716.00000|3175000.00000|2191616.61857|-50031.08425|2181459.45304|-216612.94262|-534.69159|
|716.50000|3198000.00000|2213565.53377|-44750.89660|2205520.59039|-193788.39077|-535.34124|
|717.00000|3213000.00000|2227641.67922|-39214.95398|2221503.63323|-169843.66687|-535.99097|
|717.50000|3221000.00000|2234845.24011|-33500.23875|2230380.60365|-145113.32159|-536.64077|
|718.00000|3236000.00000|2249176.37611|-27834.20292|2246114.10921|-120584.08719|-537.29062|
|718.50000|3244000.00000|2256635.22132|-22024.59478|2254724.31145|-95424.75693|-537.94053|
|719.00000|3251000.00000|2263221.88426|-16168.51285|2262195.09581|-70057.59558|-538.59048|
|719.50000|3259000.00000|2270936.44782|-10282.17682|2270522.61888|-44554.57718|-539.24045|
|720.00000|3267000.00000|2278778.96925|-4355.14510|2278704.98284|-18872.18055|-539.89044|
|0.50000|3259000.00000|2270808.82617|5941.89476|2270670.62251|25747.91681|179.35000|
|1.00000|3251000.00000|2263000.80778|11842.59907|2262449.91408|51315.58692|178.70001|
|1.50000|3244000.00000|2256320.73435|17710.64217|2255084.95770|76738.23467|178.05005|
|2.00000|3236000.00000|2248768.54172|23533.62458|2246579.14569|101960.42305|177.40011|
|2.50000|3228000.00000|2241344.14008|29317.46565|2237934.87715|127006.11667|176.75022|
|3.00000|3221000.00000|2235047.41402|35078.54877|2230152.52386|151944.62088|176.10037|
|3.50000|3213000.00000|2227878.22253|40788.78845|2221238.15628|176652.63308|175.45059|
|4.00000|3198000.00000|2213836.39906|46315.51007|2205219.89765|200554.06078|174.80089|
|4.50000|3183000.00000|2199921.75155|51769.29271|2189087.28072|224126.41530|174.15126|
|5.00000|3175000.00000|2193134.06250|57333.85334|2179802.53167|248163.47383|173.50173|
|5.50000|3160000.00000|2179473.08899|62662.18206|2163446.52171|271161.65357|172.85230|
|6.00000|3144000.00000|2164938.56278|67888.37290|2145998.13064|293700.24702|172.20299|
|6.50000|3183000.00000|2205530.19038|74907.28840|2182891.61435|323973.33616|171.55380|
|7.00000|3312000.00000|2336247.65309|85429.06159|2308445.31541|369366.27745|170.90475|
|7.50000|3434000.00000|2460090.60714|96357.14858|2426494.70233|416478.03664|170.25584|
|8.00000|3556000.00000|2584058.68374|107929.11682|2543922.98776|466330.14874|169.60709|
|8.50000|3686000.00000|2716151.48918|120499.62236|2668545.08162|520448.09402|168.95850|
|9.00000|3808000.00000|2840368.60497|133379.25628|2784579.70658|575846.93782|168.31009|
|9.50000|3930000.00000|2964709.58789|146901.73580|2899857.89845|633961.53612|167.66187|
|10.00000|3961000.00000|2998173.97017|156321.90481|2925539.63221|674315.61875|167.01384|
|10.50000|3984000.00000|3023761.25958|165475.38048|2943038.90214|713467.78270|166.36602|
|11.00000|4006000.00000|3048470.93955|174701.49889|2959200.61561|752879.40574|165.71842|
|11.50000|4025000.00000|3070302.46935|183872.96322|2972087.47107|791999.10619|165.07105|
|12.00000|4051000.00000|3099255.28418|193591.42675|2991367.70569|833414.78653|164.42392|
|12.50000|4070000.00000|3121328.79537|203000.61166|3003500.08699|873435.70145|163.77703|
|13.00000|4012000.00000|3066522.39047|207314.27594|2941394.61724|891479.94142|163.13040|
|13.50000|3907000.00000|2964835.43350|208045.13447|2834456.44019|894085.35073|162.48405|
|14.00000|3793000.00000|2854267.26504|207596.92428|2719371.55396|891603.30569|161.83797|
|14.50000|3686000.00000|2750817.20244|207106.88635|2611455.82854|888924.63075|161.19218|
|15.00000|3579000.00000|2647484.53999|206085.55526|2504052.16622|883950.44796|160.54670|
|15.50000|3473000.00000|2545268.54914|204615.10207|2398137.58201|877037.89256|159.90152|
|16.00000|3381000.00000|2457168.47863|203783.13219|2305935.28703|872849.90081|159.25667|
|16.50000|3320000.00000|2400183.55472|205151.19228|2243205.48837|878064.48795|158.61215|
|17.00000|3259000.00000|2343312.98142|206228.43680|2180758.68307|882007.63218|157.96797|
|17.50000|3190000.00000|2278555.94066|206291.85271|2111200.79953|881592.13203|157.32414|
|18.00000|3129000.00000|2221911.59251|206771.12641|2049408.35333|882933.08068|156.68067|
|18.50000|3068000.00000|2165379.07545|206963.51867|1987954.28049|883027.86883|156.03758|
|19.00000|3007000.00000|2108957.50651|206870.36783|1926856.37768|881885.26077|155.39486|
|19.50000|3007000.00000|2113645.98158|212629.53814|1921589.48882|905651.41881|154.75255|
|20.00000|3007000.00000|2118443.57562|218411.06102|1916149.32014|929450.56758|154.11063|
|20.50000|3007000.00000|2123349.34289|224215.23208|1910533.39133|953282.25771|153.46913|
|21.00000|2999000.00000|2120362.31722|229177.65328|1897579.74414|973473.09551|152.82805|
|21.50000|2999000.00000|2125481.51225|235008.06455|1891644.34729|997287.37718|152.18741|
|22.00000|2999000.00000|2130705.92169|240861.94087|1885526.46531|1021132.77683|151.54721|
|22.50000|2967000.00000|2104034.51960|243043.08453|1851070.82862|1029353.18917|150.90746|
|23.00000|2918000.00000|2060466.26065|243084.89523|1801897.69726|1028482.45788|150.26818|
|23.50000|2869000.00000|2017000.08037|242910.30401|1753063.50054|1026675.75363|149.62937|
|24.00000|2820000.00000|1973634.89547|242520.51660|1704580.68925|1023941.19725|148.99105|
|24.50000|2780000.00000|1939369.60411|243044.64179|1664184.50496|1025043.94671|148.35323|
|25.00000|2731000.00000|1896203.08615|242250.02326|1616390.12963|1020565.61109|147.71590|
|25.50000|2674000.00000|1845134.20353|240202.36364|1562209.29950|1010801.41922|147.07910|
|26.00000|2609000.00000|1786161.80047|236844.86491|1501794.69857|995531.08983|146.44282|
|26.50000|2544000.00000|1727284.70383|233201.20416|1441982.17306|979072.34782|145.80707|
|27.00000|2471000.00000|1660501.72341|228173.73590|1376157.78409|956827.56048|145.17187|
|27.50000|2405000.00000|1600811.65226|223803.77767|1316824.31490|937368.55111|144.53723|
|28.00000|2340000.00000|1542213.26697|219290.17099|1258970.29732|917335.12437|143.90315|
|28.50000|2275000.00000|1483705.32804|214497.22005|1201782.42880|896163.79735|143.26965|
|29.00000|2235000.00000|1450286.58013|213100.07492|1165364.45832|889195.41480|142.63673|
|29.50000|2202000.00000|1423955.75247|212590.09283|1134894.91006|885922.16118|142.00441|
|30.00000|2161000.00000|1389711.55912|210743.02925|1098386.85046|877073.06917|141.37270|
|30.50000|2121000.00000|1356552.69937|208889.48016|1063060.27554|868200.95120|140.74160|
|31.00000|2088000.00000|1330477.85802|207975.45805|1033563.65002|863233.05265|140.11112|
|31.50000|2047000.00000|1296485.70573|205671.24058|998210.49924|852497.29829|139.48128|
|32.00000|2015000.00000|1271574.89943|204658.37800|970144.14589|847117.53183|138.85209|
|32.50000|1990000.00000|1253744.08257|204673.63356|947669.28366|845983.71713|138.22355|
|33.00000|1965000.00000|1235991.88555|204607.18934|925399.57571|844497.28735|137.59568|
|33.50000|1931000.00000|1209316.92604|202949.28932|896664.98837|836437.52921|136.96848|
|34.00000|1906000.00000|1191717.80934|202700.91861|874880.91548|834183.66277|136.34197|
|34.50000|1881000.00000|1174193.12876|202372.83217|853311.96353|831590.62028|135.71615|
|35.00000|1847000.00000|1147741.46596|200394.25619|825488.01019|822215.22464|135.09104|
|35.50000|1813000.00000|1121361.39131|198296.91940|798021.31142|812363.84994|134.46664|
|36.00000|1780000.00000|1096051.46430|196260.78872|771620.81190|802775.45567|133.84296|
|36.50000|1746000.00000|1069810.23388|193930.85928|744875.62080|791999.63651|133.22002|
|37.00000|1712000.00000|1043636.23883|191484.86993|718502.13367|780767.40348|132.59782|
|37.50000|1679000.00000|1018528.00816|189109.39206|693185.56734|769841.17506|131.97637|
|38.00000|1645000.00000|992484.06147|186436.16706|667561.35228|757723.49680|131.35569|
|38.50000|1611000.00000|966502.90933|183649.57391|642322.39248|745169.09749|130.73577|
|39.00000|1569000.00000|932583.05367|179213.16380|612221.20161|725957.09954|130.11664|
|39.50000|1535000.00000|906722.98816|176185.40167|587831.10180|712490.32890|129.49830|
|40.00000|1493000.00000|872921.19861|171475.56198|558719.10972|692263.13189|128.88076|
|40.50000|1460000.00000|848176.16333|168409.19413|535828.44150|678713.74083|128.26403|
|41.00000|1418000.00000|814486.35355|163432.45659|507717.87461|657511.02484|127.64812|
|41.50000|1392000.00000|796850.23379|161558.46022|489991.94646|648829.19444|127.03303|
|42.00000|1367000.00000|780266.26223|159815.73597|473151.36049|640690.48651|126.41879|
|42.50000|1342000.00000|763732.89117|158004.16131|456574.68917|632291.70266|125.80539|
|43.00000|1317000.00000|747248.56736|156124.26483|440263.81846|623636.89567|125.19285|
|43.50000|1291000.00000|729811.73242|153965.60316|423640.11080|613888.93805|124.58117|
|44.00000|1266000.00000|713420.82325|151948.60623|407875.08201|604727.68041|123.97037|
|44.50000|1249000.00000|705074.27238|151584.78378|396884.48498|602154.78228|123.36045|
|45.00000|1232000.00000|696770.50842|151186.56315|386024.81408|599442.54203|122.75142|
|45.50000|1216000.00000|689507.95643|150973.04793|375841.48016|597459.00694|122.14329|
|46.00000|1199000.00000|681285.03832|150508.41884|365235.64850|594478.77055|121.53608|
|46.50000|1182000.00000|673100.17324|150009.78237|354761.67063|591363.62339|120.92978|
|47.00000|1165000.00000|664951.77801|149477.25295|344419.88289|588115.00618|120.32442|
|47.50000|1157000.00000|665838.26748|150951.31320|338789.98266|592746.35810|119.71999|
|48.00000|1140000.00000|657758.05495|150368.39074|328630.85857|589286.06854|119.11651|
|48.50000|1123000.00000|649709.55256|149751.71650|318604.54009|585695.50648|118.51398|
|49.00000|1106000.00000|641691.17168|149101.36523|308711.40626|581975.98282|117.91241|
|49.50000|1098000.00000|642701.32335|150525.26758|303197.64257|586339.52345|117.31182|
|50.00000|1081000.00000|634738.41860|149824.25561|293487.64294|582413.23050|116.71221|
|50.50000|1064000.00000|626800.86892|149089.58904|283911.64516|578360.79793|116.11358|
|51.00000|1047000.00000|618887.08661|148321.30781|274470.08727|574183.42672|115.51595|
|51.50000|1039000.00000|619995.48519|149692.41463|269069.29415|578276.69467|114.91933|
|52.00000|1022000.00000|612124.47980|148872.88611|259812.10237|573896.49454|114.32373|
|52.50000|1005000.00000|604272.48756|148019.66216|250690.41377|569393.86724|113.72914|
|53.00000|986000.00000|594437.92802|146639.38180|240894.24404|562876.11581|113.13559|
|53.50000|977000.00000|594619.22348|147702.55555|235229.18010|565734.30043|112.54307|
|54.00000|957000.00000|583814.79943|146008.17362|225301.28563|558029.96110|111.95160|
|54.50000|938000.00000|574023.08491|144521.70529|215945.33552|551141.21365|111.36119|
|55.00000|918000.00000|563242.51291|142741.42226|206400.05265|543153.99312|110.77184|
|55.50000|898000.00000|552471.52073|140917.56864|197052.21438|535026.13691|110.18356|
|56.00000|879000.00000|542708.55040|139306.98174|188249.55828|527732.04341|109.59635|
|56.50000|859000.00000|531952.04901|137398.03414|179289.38290|519332.76366|109.01023|
|57.00000|840000.00000|522200.46913|135705.81263|170856.42100|511778.74218|108.42521|
|57.50000|830000.00000|521452.26916|136326.64496|165460.36714|512952.52221|107.84129|
|58.00000|811000.00000|511705.91370|134568.65723|157301.40150|505181.09101|107.25847|
|58.50000|791000.00000|500959.87395|132506.28652|149027.54201|496295.78176|106.67677|
|59.00000|771000.00000|490212.62804|130401.11323|140956.99630|487282.25518|106.09620|
|59.50000|752000.00000|480462.66141|128520.77605|133368.25087|479139.71715|105.51675|
|60.00000|732000.00000|469708.46719|126331.89808|125697.06961|469878.74959|104.93844|
|60.50000|723000.00000|469948.54652|127075.05938|121065.66727|471532.40747|104.36128|
|61.00000|703000.00000|459181.40893|124817.22262|113697.36741|462060.40083|103.78527|
|61.50000|693000.00000|458405.57272|125249.36074|108912.67403|462559.29447|103.21042|
|62.00000|684000.00000|458619.56524|125941.59340|104363.57762|464005.85582|102.63673|
|62.50000|674000.00000|457821.92330|126345.58820|99585.55112|464377.90550|102.06421|
|63.00000|654000.00000|447011.19348|123960.99064|92742.15805|454515.37534|101.49287|
|63.50000|654000.00000|456185.93250|127106.64416|90058.29318|464920.64681|100.92272|
|64.00000|645000.00000|456344.70752|127742.67398|85497.95908|466110.26789|100.35376|
|64.50000|645000.00000|465486.09649|130895.13986|82524.82432|476445.69159|99.78600|
|65.00000|635000.00000|464608.68849|131230.70330|77690.76463|476494.36093|99.21944|
|65.50000|635000.00000|473711.08401|134384.99556|74441.74876|486744.22872|98.65409|
|66.00000|625000.00000|472791.89536|134695.91470|69535.15673|486662.12892|98.08996|
|66.50000|625000.00000|481849.74687|137848.33637|66014.26720|496813.30389|97.52705|
|67.00000|615000.00000|480883.27532|138131.79192|61039.48067|496591.68158|96.96537|
|67.50000|605000.00000|479891.13015|138394.74798|56082.72627|496289.56354|96.40492|
|68.00000|596000.00000|479871.97384|138926.23350|51252.04833|496941.48264|95.84572|
|68.50000|596000.00000|488824.48215|142053.88663|47292.54475|506845.23897|95.28776|
|69.00000|586000.00000|487747.34447|142264.29440|42286.97307|506308.61478|94.73104|
|69.50000|576000.00000|486639.26406|142452.05705|37304.75659|505686.38208|94.17559|
|70.00000|566000.00000|485498.95839|142616.71085|32347.32435|504977.63853|93.62139|
|70.50000|557000.00000|485325.15937|143052.55339|27472.75267|505222.51653|93.06847|
|71.00000|557000.00000|494116.61367|146127.95708|23025.31772|514756.68280|92.51681|
|71.50000|547000.00000|492872.08295|146231.07240|18041.26868|513790.74468|91.96643|
|72.00000|537000.00000|491590.34418|146309.01927|13088.27011|512733.93958|91.41733|
|72.50000|527000.00000|490270.18985|146361.36385|8167.95215|511585.56708|90.86952|
|73.00000|527000.00000|498910.42826|149381.84160|3349.10645|520783.38445|90.32300|
|73.50000|518000.00000|498509.88377|149690.58685|-1603.33622|520496.69098|89.77777|
|74.00000|508000.00000|497067.39703|149672.79334|-6524.51550|519071.64530|89.23384|
|74.50000|508000.00000|505581.82523|152646.70464|-11636.10525|527994.88586|88.69121|
|75.00000|498000.00000|504052.04236|152581.33893|-16574.68322|526378.95691|88.14990|
|75.50000|488000.00000|502476.93940|152487.43069|-21469.68035|524666.12619|87.60989|
|76.00000|488000.00000|510855.42457|155406.69602|-26844.72998|533295.29011|87.07120|
|76.50000|479000.00000|510186.42355|155566.64461|-31807.28926|532427.89563|86.53382|
|77.00000|469000.00000|508468.87969|155392.48681|-36667.81087|530417.66394|85.99778|
|77.50000|459000.00000|506701.75422|155188.09351|-41476.91909|528308.31650|85.46305|
|78.00000|449000.00000|504884.02646|154953.13933|-46232.67324|526099.70109|84.92966|
|78.50000|439000.00000|503014.69399|154687.31177|-50933.11802|523791.71842|84.39760|
|79.00000|430000.00000|502092.77290|154698.41886|-55687.19536|522424.81724|83.86687|
|79.50000|420000.00000|500117.29789|154370.52197|-60280.72853|519917.11212|83.33748|
|80.00000|420000.00000|508087.32255|157102.91561|-66114.22079|527695.90034|82.80944|
|80.50000|420000.00000|516001.91944|159813.50481|-72075.57929|535353.57294|82.28274|
|81.00000|410000.00000|513860.18034|159399.28178|-76669.73236|532524.33570|81.75738|
|81.50000|410000.00000|521661.21634|162058.65169|-82782.79765|539944.84870|81.23338|
|82.00000|400000.00000|519404.15805|161582.55895|-87333.44010|536900.80368|80.71073|
|82.50000|400000.00000|527088.15573|164187.80006|-93587.20706|544078.11229|80.18943|
|83.00000|391000.00000|525712.37942|163959.89788|-98271.64195|541847.80001|79.66949|
|83.50000|391000.00000|533276.01911|166508.57294|-104664.25852|548774.82669|79.15090|
|84.00000|381000.00000|530778.28485|165903.73174|-109108.20240|545293.53200|78.63368|
|84.50000|381000.00000|538218.40686|168392.76308|-115618.91546|551966.88536|78.11782|
|85.00000|371000.00000|535595.63570|167720.91604|-119990.14261|548265.77162|77.60332|
|85.50000|371000.00000|542909.24232|170147.76289|-126607.50004|554681.21254|77.09018|
|86.00000|371000.00000|550158.51821|172543.73411|-133319.49588|560956.01197|76.57841|
|86.50000|361000.00000|547342.77550|171769.73593|-137608.67542|556913.64548|76.06801|
|87.00000|361000.00000|554461.34703|174099.70472|-144409.55571|562924.48228|75.55898|
|87.50000|361000.00000|561513.58644|176396.57505|-151295.48977|568790.76488|75.05131|
|88.00000|352000.00000|559498.86827|175831.16530|-155757.62191|565415.90489|74.54502|
|88.50000|352000.00000|566416.58804|178058.62997|-162723.47298|571011.11920|74.04009|
|89.00000|342000.00000|563266.16227|177106.63087|-166803.32826|566402.84068|73.53654|
|89.50000|342000.00000|570047.02859|179262.57257|-173828.51314|571727.49869|73.03436|
|90.00000|332000.00000|566758.64580|178237.28624|-177785.90468|566900.40121|72.53355|
|90.50000|332000.00000|573400.49387|180319.88878|-184858.88975|571953.30189|72.03411|
|91.00000|332000.00000|579972.07403|182365.00469|-191994.73046|576855.80959|71.53604|
|91.50000|322000.00000|576472.90876|181228.23406|-195793.65777|571690.06545|71.03934|
|92.00000|322000.00000|582902.54189|183197.32054|-202959.65713|576319.36387|70.54402|
|92.50000|322000.00000|589260.53854|185127.27179|-210178.97442|580796.76975|70.05006|
|93.00000|322000.00000|595546.48520|187017.49185|-217448.27965|585121.70013|69.55748|
|93.50000|322000.00000|601759.98971|188867.40569|-224764.25567|589293.65474|69.06626|
|94.00000|322000.00000|607900.68127|190676.45941|-232123.60029|593312.21515|68.57641|
|94.50000|322000.00000|613968.21043|192444.12041|-239523.02831|597177.04394|68.08793|
|95.00000|322000.00000|619962.24910|194169.87756|-246959.27353|600887.88379|67.60082|
|95.50000|322000.00000|625882.49052|195853.24130|-254429.09068|604444.55650|67.11507|
|96.00000|322000.00000|631728.64924|197493.74381|-261929.25740|607846.96202|66.63068|
|96.50000|313000.00000|628500.46108|196280.24547|-265652.48594|602467.85894|66.14766|
|97.00000|313000.00000|634197.68313|197836.86851|-273131.81852|605594.86254|65.66599|
|97.50000|313000.00000|639820.09366|199349.59140|-280632.50883|608568.32552|65.18569|
|98.00000|313000.00000|645367.49212|200818.03357|-288151.44792|611388.44081|64.70674|
|98.50000|303000.00000|640839.69906|199134.43788|-291142.41886|604620.65477|64.22914|
|99.00000|303000.00000|646236.55605|200517.80902|-298611.02660|607174.21957|63.75290|
|99.50000|293000.00000|641557.92568|198758.09321|-301391.53793|600220.36994|63.27801|
|100.00000|293000.00000|646803.69142|200056.16207|-308800.15611|602511.36653|62.80446|
|100.50000|293000.00000|651973.75755|201308.88926|-316213.18288|604652.19127|62.33226|
|101.00000|283000.00000|647068.04913|199433.90854|-318702.39808|597410.85154|61.86140|
|101.50000|273000.00000|642086.51185|197524.75142|-321041.01361|590104.89212|61.39189|
|102.00000|273000.00000|647029.11194|198652.19170|-328302.03729|591884.39520|60.92370|
|102.50000|264000.00000|642895.83611|196976.42292|-330924.71181|585323.50234|60.45685|
|103.00000|264000.00000|647686.69138|198018.20911|-338106.13259|586850.49582|59.99134|
|103.50000|254000.00000|642401.70502|195963.72238|-339984.63874|579216.86484|59.52714|
|104.00000|244000.00000|637040.92438|193877.48319|-341706.86470|571529.55868|59.06427|
|104.50000|244000.00000|641604.41680|194796.21572|-348707.01403|572717.39250|58.60273|
|105.00000|244000.00000|646092.26946|195669.35174|-355690.16292|573764.95525|58.14249|
|105.50000|244000.00000|650504.58926|196496.82949|-362653.83557|574673.31606|57.68357|
|106.00000|234000.00000|644841.50263|194265.99164|-363951.55898|566656.07006|57.22596|
|106.50000|234000.00000|649103.15543|195010.36114|-370800.59122|567336.64512|56.76965|
|107.00000|234000.00000|653289.71277|195709.25298|-377623.64683|567881.97882|56.31464|
|107.50000|234000.00000|657401.35885|196362.68524|-384418.45411|568293.32472|55.86093|
|108.00000|234000.00000|661438.29681|196970.69570|-391182.79387|568571.98069|55.40851|
|108.50000|225000.00000|656400.74851|194861.56803|-392532.43442|561026.97018|54.95737|
|109.00000|225000.00000|660288.95441|195387.49015|-399170.60682|561088.76416|54.50752|
|109.50000|225000.00000|664103.17336|195868.43271|-405772.54197|561022.38100|54.05894|
|110.00000|215000.00000|657843.68242|193365.13030|-406162.09379|552431.65883|53.61164|
|110.50000|215000.00000|661510.77664|193766.69410|-412622.17016|552163.91049|53.16560|
|111.00000|215000.00000|665104.76889|194123.90419|-419040.79555|551772.82956|52.72082|
|111.50000|215000.00000|668625.98965|194436.92581|-425416.13292|551259.96227|52.27731|
|112.00000|215000.00000|672074.78680|194705.94149|-431746.40115|550626.88620|51.83504|
|112.50000|205000.00000|665451.52540|192045.21238|-431544.88175|541734.35491|51.39402|
|113.00000|205000.00000|668756.58747|192238.20820|-437719.61109|540918.14912|50.95424|
|113.50000|205000.00000|671990.37178|192388.07256|-443844.89364|539986.98190|50.51570|
|114.00000|205000.00000|675153.29362|192495.05241|-449919.17305|538942.53201|50.07838|
|114.50000|205000.00000|678245.78454|192559.41025|-455940.94946|537786.50163|49.64229|
|115.00000|205000.00000|681268.29216|192581.42378|-461908.77952|536520.61478|49.20742|
|115.50000|215000.00000|694221.27988|195375.69995|-474658.55680|542967.86648|48.77376|
|116.00000|215000.00000|697105.22667|195301.20519|-480570.91693|541433.14601|48.34130|
|116.50000|215000.00000|699920.62679|195185.06937|-486424.71736|539793.56188|47.91004|
|117.00000|215000.00000|702667.98957|195027.62864|-492218.74144|538050.91774|47.47998|
|117.50000|215000.00000|705347.83912|194829.23241|-497951.82851|536207.03132|47.05110|
|118.00000|215000.00000|707960.71407|194590.24289|-503622.87369|534263.73299|46.62340|
|118.50000|215000.00000|710507.16732|194311.03472|-509230.82757|532222.86430|46.19687|
|119.00000|215000.00000|712987.76578|193991.99453|-514774.69590|530086.27652|45.77151|
|119.50000|215000.00000|715403.09004|193633.52055|-520253.53923|527855.82922|45.34732|
|120.00000|215000.00000|717753.73415|193236.02215|-525666.47250|525533.38888|44.92427|
|120.50000|215000.00000|720040.30531|192799.91941|-531012.66463|523120.82754|44.50237|
|121.00000|215000.00000|722263.42360|192325.64273|-536291.33805|520620.02137|44.08161|
|121.50000|215000.00000|724423.72166|191813.63237|-541501.76822|518032.84943|43.66198|
|122.00000|205000.00000|716521.84444|188631.73528|-539119.16956|508267.65207|43.24347|
|122.50000|205000.00000|718558.44888|188061.01966|-544142.56517|505571.02403|42.82608|
|123.00000|205000.00000|720534.20361|187454.14103|-549096.45231|502793.87390|42.40980|
|123.50000|205000.00000|722449.78866|186811.57297|-553980.31035|499938.07284|41.99463|
|124.00000|195000.00000|714305.89514|183563.97370|-551078.78373|490143.67118|41.58055|
|124.50000|195000.00000|716103.22496|182867.65147|-555775.00442|487194.57224|41.16755|
|125.00000|195000.00000|717842.49049|182137.29274|-560400.51666|484172.58854|40.75564|
|125.50000|195000.00000|719524.41426|181373.39735|-564954.99304|481079.56497|40.34479|
|126.00000|186000.00000|712149.72866|178322.86385|-562331.52461|471952.89620|39.93501|
|126.50000|186000.00000|713719.17557|177508.64090|-566703.63002|468776.46581|39.52629|
|127.00000|186000.00000|715233.50613|176662.57718|-571004.51325|465534.61774|39.11862|
|127.50000|186000.00000|716693.48033|175785.19200|-575234.02824|462229.15445|38.71198|
|128.00000|176000.00000|708099.86673|172441.73464|-571323.66768|452471.92162|38.30638|
|128.50000|176000.00000|709453.44212|171520.90654|-575368.56275|449104.24727|37.90180|
|129.00000|176000.00000|710754.99122|170570.51164|-579342.47265|445678.42260|37.49824|
|129.50000|176000.00000|712005.30630|169591.08171|-583245.41902|442196.19218|37.09568|
|130.00000|166000.00000|703205.18688|166219.41123|-578845.92744|432508.75115|36.69412|
|130.50000|166000.00000|704355.43942|165201.82352|-582567.77519|428979.03777|36.29356|
|131.00000|156000.00000|695456.87693|161830.01568|-577909.72627|419368.06021|35.89397|
|131.50000|146000.00000|686510.31866|158468.75852|-573105.12747|409828.35177|35.49536|
|132.00000|146000.00000|687516.58979|157408.60085|-576541.67042|406271.13006|35.09771|
|132.50000|137000.00000|679476.52105|154279.60918|-572329.03209|397404.10101|34.70102|
|133.00000|137000.00000|680390.94841|153186.54257|-575596.02007|393811.09834|34.30528|
|133.50000|146000.00000|690260.71270|154078.32091|-586442.02353|395329.90465|33.91048|
|134.00000|146000.00000|691086.65934|152920.07627|-589606.74889|391598.26622|33.51660|
|134.50000|146000.00000|691869.63791|151738.64657|-592704.37683|387826.93875|33.12365|
|135.00000|156000.00000|702610.50189|152708.00197|-604336.61749|389561.93859|32.73161|
|135.50000|156000.00000|703310.10826|151461.91912|-607335.38259|385654.70874|32.34047|
|136.00000|156000.00000|703969.31718|150194.09717|-610267.84788|381712.22169|31.95023|
|136.50000|156000.00000|704588.99163|148905.06481|-613134.51141|377735.93472|31.56087|
|137.00000|166000.00000|715169.99712|149688.39447|-624670.47182|379027.09911|31.17239|
|137.50000|166000.00000|715713.20127|148338.06110|-627439.18984|374926.16591|30.78477|
|138.00000|166000.00000|716219.47350|146967.94713|-630143.26288|370795.60400|30.39802|
|138.50000|176000.00000|726689.68472|147609.83445|-641612.54690|371752.47243|30.01211|
|139.00000|176000.00000|727124.70693|146180.84225|-644219.74284|367505.23943|29.62704|
|139.50000|176000.00000|727525.41292|144733.47862|-646763.69207|363232.34011|29.24280|
|140.00000|176000.00000|727892.67590|143268.25130|-649245.07076|358935.06036|28.85938|
|140.50000|176000.00000|728227.36918|141785.66333|-651664.57557|354614.65918|28.47678|
|141.00000|176000.00000|728530.36582|140286.21280|-654022.92266|350272.36839|28.09497|
|141.50000|176000.00000|728802.53827|138770.39263|-656320.84675|345909.39245|27.71396|
|142.00000|176000.00000|729044.75809|137238.69028|-658559.10014|341526.90820|27.33373|
|142.50000|176000.00000|729257.89553|135691.58754|-660738.45174|337126.06471|26.95428|
|143.00000|166000.00000|719442.81926|132290.76558|-653772.48054|328146.85817|26.57559|
|143.50000|166000.00000|719600.39602|130736.28823|-655810.07130|323774.39272|26.19765|
|144.00000|156000.00000|709731.49025|127373.26829|-648652.20823|314949.28241|25.82046|
|144.50000|156000.00000|709836.96381|125813.73465|-650553.09831|310609.52546|25.44400|
|145.00000|146000.00000|699917.67562|122491.26278|-643210.24246|301942.78614|25.06827|
|145.50000|146000.00000|699974.48132|120928.91643|-644979.54850|297639.81477|24.69325|
|146.00000|146000.00000|700008.23296|119354.69501|-646697.04057|293325.76967|24.31894|
|146.50000|146000.00000|700019.77870|117769.02214|-648363.57620|289001.56782|23.94533|
|147.00000|146000.00000|700009.96242|116172.31408|-649980.02126|284668.09799|23.57240|
|147.50000|146000.00000|699979.62346|114564.97957|-651547.24904|280326.22081|23.20015|
|148.00000|146000.00000|699929.59628|112947.41974|-653066.13942|275976.76880|22.82857|
|148.50000|146000.00000|699860.71012|111320.02793|-654537.57795|271620.54644|22.45765|
|149.00000|146000.00000|699773.78874|109683.18962|-655962.45503|267258.33025|22.08737|
|149.50000|137000.00000|690669.65005|106647.57568|-648886.13896|259509.24756|21.71773|
|150.00000|137000.00000|690549.10583|105014.01653|-650201.95429|255192.92675|21.34871|
|150.50000|137000.00000|690412.96144|103372.20351|-651474.26867|250872.77063|20.98032|
|151.00000|127000.00000|680262.01546|100248.80873|-643248.09331|242977.61992|20.61253|
|151.50000|127000.00000|680097.05947|98615.19686|-644416.62666|238713.59121|20.24534|
|152.00000|127000.00000|679918.87767|96974.44916|-645544.75612|234447.63135|19.87873|
|152.50000|127000.00000|679728.24665|95326.89027|-646633.37697|230180.32297|19.51271|
|153.00000|127000.00000|679525.93506|93672.83639|-647683.38295|225912.22220|19.14725|
|153.50000|127000.00000|679312.70333|92012.59521|-648695.66548|221643.85886|18.78235|
|154.00000|127000.00000|679089.30341|90346.46595|-649671.11294|217375.73675|18.41799|
|154.50000|127000.00000|678856.47845|88674.73928|-650610.60993|213108.33389|18.05417|
|155.00000|127000.00000|678614.96256|86997.69739|-651515.03655|208842.10280|17.69089|
|155.50000|127000.00000|678365.48048|85315.61390|-652385.26772|204577.47077|17.32811|
|156.00000|127000.00000|678108.74740|83628.75396|-653222.17245|200314.84021|16.96585|
|156.50000|127000.00000|677845.46861|81937.37420|-654026.61320|196054.58890|16.60408|
|157.00000|127000.00000|677576.33926|80241.72283|-654799.44518|191797.07037|16.24280|
|157.50000|127000.00000|677302.04414|78542.03960|-655541.51573|187542.61422|15.88199|
|158.00000|127000.00000|677023.25738|76838.55590|-656253.66364|183291.52643|15.52166|
|158.50000|127000.00000|676740.64221|75131.49480|-656936.71859|179044.08982|15.16177|
|159.00000|137000.00000|686454.85073|74506.45130|-667312.64445|177384.63276|14.80234|
|159.50000|137000.00000|686166.52367|72767.99184|-667953.38559|173083.66045|14.44334|
|160.00000|137000.00000|685876.29011|71026.51280|-668567.10620|168787.07107|14.08476|
|160.50000|146000.00000|694584.76731|70191.70699|-677938.90900|166654.46400|13.72660|
|161.00000|146000.00000|694292.56044|68422.20200|-678512.07166|162311.81663|13.36885|
|161.50000|146000.00000|694000.26237|66650.17832|-679060.23152|157974.08778|13.01149|
|162.00000|156000.00000|703708.45344|65811.00865|-689380.53615|155856.19229|12.65451|
|162.50000|156000.00000|703417.70126|64009.22159|-689892.26110|151467.19439|12.29791|
|163.00000|156000.00000|703128.56051|62205.35034|-690380.85976|147083.46846|11.94168|
|163.50000|166000.00000|712841.57271|61258.90602|-700676.38723|144735.48880|11.58579|
|164.00000|166000.00000|712557.26601|59425.92495|-701131.16033|140301.08310|11.23025|
|164.50000|166000.00000|712276.15507|57591.23712|-701564.56298|135872.12977|10.87505|
|165.00000|156000.00000|701998.74077|54971.89484|-692118.01389|129602.45411|10.52017|
|165.50000|146000.00000|691725.51010|52402.13733|-682632.80882|123460.98022|10.16560|
|166.00000|146000.00000|691456.93595|50614.20347|-682988.09446|119171.11515|9.81133|
|166.50000|137000.00000|682193.47694|48189.37276|-674427.68675|113390.70053|9.45735|
|167.00000|127000.00000|671935.57726|45741.58155|-664845.31236|107565.90030|9.10366|
|167.50000|127000.00000|671683.66650|43999.29873|-665132.74659|103408.48876|8.75024|
|168.00000|117000.00000|661438.15950|41626.88142|-655494.24361|97777.97650|8.39708|
|168.50000|117000.00000|661199.45617|39908.84304|-655743.26866|93692.06047|8.04417|
|169.00000|107000.00000|650967.94139|37612.40370|-646053.36372|88255.33891|7.69150|
|169.50000|107000.00000|650743.98483|35919.03699|-646267.32859|84240.43566|7.33906|
|170.00000|98000.00000|641527.94084|33751.71713|-637524.32482|79120.24105|6.98683|
|170.50000|98000.00000|641320.14830|32080.80061|-637707.01259|75169.65132|6.63482|
|171.00000|98000.00000|641120.93052|30409.56424|-637877.73951|71223.44127|6.28301|
|171.50000|107000.00000|649930.59509|29141.59428|-646996.28592|68226.21893|5.93139|
|172.00000|107000.00000|649749.43379|27446.47903|-647148.92348|64233.22164|5.57994|
|172.50000|107000.00000|649577.72250|25751.14236|-647290.49744|60244.09366|5.22867|
|173.00000|117000.00000|659415.72105|24426.03679|-657390.64941|57124.93776|4.87755|
|173.50000|117000.00000|659263.67316|22704.32271|-657515.32012|53081.83141|4.52657|
|174.00000|117000.00000|659121.80636|20982.45659|-657629.60814|49041.99837|4.17574|
|174.50000|117000.00000|658990.33188|19260.46266|-657733.80109|45005.22007|3.82503|
|175.00000|117000.00000|658869.44457|17538.36219|-657828.16457|40971.27092|3.47444|
|175.50000|127000.00000|668759.32288|16056.26404|-667900.09387|37500.66874|3.12395|
|176.00000|127000.00000|668660.12871|14307.89177|-667978.15527|33410.59086|2.77356|
|176.50000|127000.00000|668572.00745|12559.44931|-668046.74385|29322.63535|2.42325|
|177.00000|127000.00000|668495.08783|10810.94984|-668106.03609|25236.55350|2.07302|
|177.50000|127000.00000|668429.48195|9062.40471|-668156.18571|21152.09245|1.72285|
|178.00000|137000.00000|678375.28520|7423.25067|-678194.66100|17324.37617|1.37274|
|178.50000|137000.00000|678332.57623|5648.48571|-678228.01629|13181.32343|1.02267|
|179.00000|137000.00000|678301.41692|3873.69635|-678252.24814|9039.11618|0.67263|
|179.50000|146000.00000|687281.85238|2126.74056|-687267.22713|4962.47383|0.32261|
|180.00000|146000.00000|687273.91090|328.37668|-687273.56224|766.21254|-0.02739|
